-5.818632607301940	0.679660144652311	0.859781807154481
-4.873688539681463	0.354418780922883	0.400038565160548
-3.835683674991503	0.193443891788084	0.113211397193703
-2.771686258599333	-0.088776412821618	-0.329957213920460
-1.321076833039598	-0.211568366549294	-0.604184378437352
-0.032876509387278	-0.303028098119797	-0.642396364696164
1.292191697069988	-0.314457730278240	-0.560619585687694
2.598577165628068	-0.235064148639112	-0.326122855516089
3.947544699137354	-0.098441907919888	0.088175699297834
4.996698186845947	0.211952718608368	0.359669486207743
6.088233279587938	0.177068891187911	1.333075622682891
7.073723346234640	0.560370004830282	1.980333164399750
