-37.46	-45.98	71.50
-38.05	-42.65	66.36
-38.40	-39.28	61.10
-38.17	-35.91	55.98
-37.54	-32.36	50.87
-37.02	-29.33	45.90
-35.59	-25.85	40.82
-34.20	-22.59	35.91
-32.75	-19.55	30.98
-30.55	-16.31	26.33
-28.20	-13.25	21.63
-25.59	-10.24	17.08
-22.54	-7.27	12.69
-18.85	-4.20	8.48
-15.44	-1.50	4.47
-11.61	1.12	0.38
-7.35	3.71	-3.20
-2.52	6.26	-6.29
2.07	8.56	-9.53
6.85	10.67	-12.56
11.95	12.71	-15.50
17.11	14.57	-17.95
22.53	16.22	-20.09
28.13	17.71	-22.20
33.80	18.99	-24.03
39.59	20.01	-25.12
45.61	20.99	-26.54
50.84	21.72	-27.69
56.62	22.43	-28.31
62.12	22.79	-28.78
